# id	file_path	transparent_color_r	g	b
[TEXTURES]
0	textures\mario.png	255	255	255
20	textures\misc.png	166	185	255
21	textures\misc_1.png	166	185	255
999	textures\raccoon_3.png	255	255	255
40	textures\raccoon_4.png	255	255	255
41	textures\raccoon_5.png	255 	255	255
42	textures\fireball_right.png	0	255	255
43	textures\fireball_left.png	0	255	255
44	textures\enemies_custom.png	255	255	255
45	textures\enemies-5.png	0	255	255
46	textures\enemies-5_1.png	0	255	255
47	textures\effect.png	176	224	248
48	textures\enemies-5_2.png	0	255	255
49	textures\enemies_custom_1.png	255	255	255
50	textures\mario-hold-shell-big.png	0	255	255
51	textures\status_bar.png	255	0	255
52	textures\power_state.png	175	232	226
53	textures\blackfirst.png	255	255	195
54	textures\blacksecond.png	255	255	195
55	textures\blackthird.png	255	255	195
56	textures\black.png	255	255	195
58	textures\123.png	64	128	0
59	textures\misc-2.png	0	117	255
60	textures\blackBackRound.png	255	255	255

# id	left	top	right	bottom	texture_id
[SPRITES]
# BIG MARIO 
# idle right
10000	205	240	230	270	0
# walk
10001	245	240	271	270	0
10002	285	241	311	271	0
#Running right
10003	206	320	232	350	0
10004	246	320	272	350	0
10005	286	321	312	351	0
#jump right
10006	325	240	351	270	0
#MARIO STOP RIGHT
10007	165	281	191	311	0
#sitting right
10008	365	236	390	266	0
#kick right
10009	243	280	273	310	0
#holding turtle right
10010	319	320	345	350	0
10011	345	320	371	350	0
10012	7	4	33	33	50	#can lam lai
#Jump when max speed 
10013	327	360	352	390	0

# idle left
10020	167	240	190	270	0
#walk
#10021	86	244	111	270	0
#10022	126	243	151	270	0
10021	126	240	151	270	0
10022	86	241	111	271	0
#jump left
10023	46	240	71	270	0
#running left
10024	164	320	193	350	0
10025	124	320	153	350	0
10026	84	321	113	351	0
#MARIO STOP LEFT
10027	205	281	231	311	0
#sitting left
10028	7	236	30	266	0
#kick left
10029	129	280	154	310	0
#hoding turtle left
10030	55	320	75	350	0
10031	29	320	50	350	0
10032	42	4	64	33	50
#Jump when max speed
10033	48	364	73	390	0

# die 
10099	365	209	391	225	0

# SMALL MARIO
# idle small right
10040	205	74	229	104	0
# walk
10041	246	75	271	105	0
#10042	255	169	271	185	0
#running small right
10043	205	155	231	185	0
10044	245	155	271	185	0
#jump small right 
10045	325	75	351	105	0
#Stop right
10046	204	115	230	145	0
#10046	165	129	190	145	0
#kick right
10047	245	115	271	145	0
#holding turtle right
10048	325	155	350	185	0
10049	366	155	391	185	0
#Jump when max speed
10050	245	155	271	185	0

# idle small left
10060	167	74	189	104	0
# walk
10061	126	75	150	105	0
#10062	135	169	151	185	0
#running small left
10063	167	155	191	185	0
10064	127	155	151	185	0
#jump small left
10065	46	75	71	105	0
#stop left
10066	168	115	190	145	0
#10066	208	129	230	145	0
#kick left
10067	127	115	151	145	0
#holding turtle left
10068	45	155	70	185	0
10069	4	155	30	185	0
#Jump when max speed
10070	127	155	151	185	0

#======MARIO RACCON=======
#idle right
10100	208	441	233	471	0
#walk right
10101	259	441	284	471	0
10102	289	441	314	471	0
#running right
10103	209	521	235	551	0
10104	249	521	275	551	0
10105	289	521	315	551	0
#jump right
10106	329	440	354	470	0
#stop right
10107	168	482	191	512	0
#fight idle right
10108	234	441	259	471	0
10109	346	481	371	511	0
10110	6	2	38	32	999
10111	381	481	406	511	0
#sitting right
10112	369	436	394	466	0
#falling and quay duoi right
10113	209	601	234	631	0
10114	249	601	274	631	0
#flying right
10115	291	601	315	631	0
10116	331	601	355	631	0
10117	371	601	395	631	0
#kick right
10118	239	481	269	511	0
#holding turtle right
10160	320	521	343	551	0
10161	350	521	373	551	0
10162	381	521	404	551	0

#idle left
#10120	160	443	194	471	0
10120	6	1	36	31	41
#walk left
10121	11	1558	44	1588	0  # can lam lai -9
10122	84	441	115	471	0
#running left
10123	162	521	195	551	0 
10124	122	521	155	551	0
10125	52	1560	85	1590	0	#can lam lai -9
#jump left
10126	44	440	75	470	0
#stop left
10127	208	482	231	512	0
#fight idle left
10128	6	2	38	32	999
10129	346	481	371	511	0
10130	234	441	259	471	0
10131	381	481	406	511	0
#sitting left
10132	3	436	34	466	0
#falling and quay duoi left
10133	164	601	195	631	0
10134	124	601	154	631	0
#flying left
10135	84	601	115	631	0
10136	44	601	75	631	0
10137	4	601	35	631	0
#kick left
10138	133	481	159	511	0
#holding turtle left
10139	63	521	84	551	0
10140	33	521	55	551	0
10141	2	521	25	551	0

#====FIRE MARIO=======
#idle right
10200	205	680	230	710	0
#walk right
10201	245	680	271	710	0
10202	285	681	311	711	0
#running right
10203	206	760	232	790	0
10204	246	760	272	790	0
10205	286	761	312	791	0
#jump right
10206	325	681	351	711	0
#stop right
10207	165	721	191	751	0
#fight idle right	
10208	355	800	380	830	0
10209	79	1520	104	1550	0
#fight while jumping right
10210	327	800	352	830	0
10211	288	800	312	830	0
10212	247	800	272	830	0
#sitting right
10213	365	676	390	706	0
#kick right
10214	243	721	273	751	0
#holding turtle right
10215	319	760	345	790	0
10216	345	760	371	790	0
10217	115	1520	151	1550	0	#can lam lai
#Jump when max speed
10218	327	800	352	830	0

#idle left
10220	167	680	190	710	0
#walk left
10221	126	680	151	710	0
10222	86	681	111	711	0
#running left
10223	164	760	193	790	0
10224	124	760	153	790	0
10225	84	761	113	791	0
#jump left 
10226	46	681	71	711	0
#stop left
10227	205	721	231	751	0
#fight idle left
10228	46	1520	69	1550	0
10229	13	1520	36	1550	0	#can lam lai
#fight while jumping left
10230	45	800	73	830	0
10231	84	800	112	830	0
10232	125	800	153	830	0
#sitting left
10233	7	676	30	706	0
#kick left
10234	129	721	154	751	0
#holding turtle left
10235	55	760	75	790	0
10236	29	760	50	790	0
10237	4	761	26	791	0
#Jump when max speed
10238	45	800	73	830	0

#Mario in word map
#Small
10239	16	9	30	25	0
10240	16	49	30	65	0

#=======QUESTION BRICK==========
40001	157	188	173	204	20
40002	176	188	192	204	20
40003	196	188	212	204	20
40004	215	188	231	204	20

#=======GOOMBA==============
#GOOMBA WAKLING
30001	5	3	25	27	45
30002	28	3	48	27	45
#GOOMBA die
30003	50	3	70	27	45
#GOOMBA die fly
#30004	294	333	315	357	48
30004	215	54	236	78	45
#RED GOOMBA
#GOOMBA RED HAS WING WALK
30005	140	35	160	59	45
30006	116	35	136	59	45
#GOOMBA RED HAS WING FLY
30007	90	35	110	59	45
30008	66	35	86	59	45
#GOOMBA RED NO WING WALK
30009	121	62	141	86	45
30010	100	62	120	86	45
#GOOMBA RED NO WING DIE
30011	141	62	161	86	45
#GOOMBA	RED DIE FLY
#30012	200	274	220	298	48
30012	216	86	236	110	45
	

#======KOOPAS=============
#=====Red Koopa===========
#KOOPA WALKING LEFT
30050	27	65	44	93	45
30051	46	66	63	93	45
#KOOPA WALKING RIGHT
30052	260	66	277	93	46
30053	279	65	296	93	46
#KOOPA DIE
30054	236	3	253	30	45
#KOOPA DIE AND MOVE
30055	257	2	274	29	45
30056	278	2	295	29	45
30062	248	230	265	257	45
#KOOPA DIE UP
30057	238	41	255	68	45
#KOOPA REVIAL UP
30058	278	84	294	111	45
30064	277	84	294	111	45
#KOOPA REVIAL 
30059	71	64	89	91	45
30065	70	64	89	91	45
#KOOPA DIE AND MOVE UP
30060	259	42	276	69	45
30061	280	42	297	69	45
30063	248	266	265	293	45
#KOOPA HAS WING WALK LEFT
30064	147	93	163	120	45
30065	126	93	142	120	45
30066	105	93	121	120	45	

#=======Green Koopa========
#KOOPA WALKING LEFT
30080	30	117	47	145	45
30081	49	118	66	145	45
#KOOPA WALKING RIGHT
30082	276	117	293	145	46
30083	257	118	274	145	46
#KOOPA DIE
30084	256	125	273	152	45
#KOOPA DIE AND MOVE
30085	277	124	294	151	45
30086	257	185	274	212	45
30087	298	124	315	151	45
#KOOPA REVIAL
30088	73	116	92	143	45
30078	72	116	92	143	45
#KOOPA DIE UP
30089	256	154	273	181	45
#KOOPA DIE AND MOVE UP
30090	277	155	294	182	45
30091	277	185	294	212	45
30092	298	155	315	182	45
#KOOPA REVIAL UP
30093	298	185	317	212	45
30079	297	185	317	212	45
#KOOPA HAS WING WALKING LEFT
30094	147	129	163	156	45
30095	126	129	142	156	45
30096	105	129	121	156	45
#KOOPA HAS WING WLAKING RIGHT
30097	161	129	177	156	46
30098	182	129	198	156	46
30099	203	129	219	156	46

#=========NAM==========
1	156	121	172	137	20
#========NAM XANH======
5	286	121	302	137	20
#FIRE FLOWER
3	309	121	325	137	20
#Start
4	201	121	217	137	20

#====LEAF TREE===========================
30	180	123	196	137	20
29	233	121	249	137	21
#====FIRE BALL===========================
31	17	4	25	12	42
32	4	19	12	27	42
33	4	4	12	12	42
34	18	19	26	27	43

#=====Giant_Piranha==========
#Giant_Piranha_shoot_fireball_45_left
35	167	126	183	158	44
36	150	126	166	158	44
#Giant_Piranha_shot_fireball_45_more_left
37	201	126	217	158	44
38	184	126	200	158	44
#Giant_Piranha_shot_fireball_45_right
45	256	126	272	158	49
46	273	126	289	158	49
#Giant_Piranha_shot_fireball_45_more_right
47	222	126	238	158	49
48	239	126	255	158	49
#Giant_Piranha_shoot_fireball_45_right_green
49	186	100	202	124	49
50	203	100	219	124	49
#Giant_Piranha_shoot_fireball_45_more_right_green
51	152	100	168	124	49
52	169	100	185	124	49
#Giant_Piranha_shoot_fireball_45_left_green
53	237	100	253	124	44
54	220	100	236	124	44
#Giant_Piranha_shoot_fireball_45_more_left_green
55	271	100	287	124	44
56	254	100	270	124	44
#Giant_Piranha_Bite
57	57	100	73	124	44
58	38	100	54	124	44

#=========QUESTION BRICK AFTER====
2	235	188	251	204	20


#=========Effects Fire ball======
39	99	22	111	34	47


#============Piece brick==========
40	37	120	45	128	47
77	47	120	55	128	47


#============Broken Brick=======
41	274	188	290	204	20
42	293	188	309	204	20
43	312	188	328	204	20
44	331	188	347	204	20

#==============Coin==============
59	334	100	348	116	20
60	290	100	308	116	20
61	354	100	371	116	20
62	370	100	386	116	20
71	294	101	302	115	20
72	319	101	327	115	20
73	308	101	316	115	20

#==========Monney Effcet=========
#100
63	11	223	22	231	47
#200
64	10	232	22	240	47
#400
65	10	241	22	249	47
#800
66	10	250	22	258	47
#1000
67	24	223	39	231	47
#2000
68	23	232	39	231	47
#4000
69	23	241	39	249	47
#8000
70	23	250	39	258	47


#=========1 UP!======================
80	149	174	176	188	47

#======Switch_P=====
74	156	144	172	160	20
75	178	144	194	160	20
76	200	144	216	160	20

#========STATUS BAR=============
2000	3	3	155	31	51

#========NUMBER STATUS BAR===============
# num 0
2010	33	32	41	39	51
# num 1
2011	43	32	51	39	51
# num 2
2012	53	32	61	39	51
# num 3
2013	63	32	71	39	51
# num 4
2014	73	32	81	39	51
# num 5
2015	83	32	91	39	51
# num 6
2016	93	32	101	39	51
# num 7
2017	103	32	111	39	51
# num 8
2018	113	32	121	39	51
# num 9
2019	123	32	131	39	51

#=========POWER STATE==========
# tier_0
2020	2	2	66	9	52
# tier_1
2021	2	11	66	18	52
# tier_2
2022	2	20	66	27	52
# tier_3
2023	2	29	66	36	52
# tier_4
2024	2	38	66	45	52
# tier_5
2025	2	47	66	54	52
# tier_6
2026	2	56	66	63	52
# tier_7
2027	2	65	66	72	52
#========Turn Off Light=======
2030	0	0	1800	831	53
2031	0	0	1800	831	54
2032	0	0	1800	831	55
2033	0	0	1800	831	56

#==================PIPE===================
# short pipe
2034	201	415	233	447	59
# medium pipe
2035	5	28	37	76	59
# long pipe
2036	472	157	504	365	59
# hidden pipe
2037	433	223	465	255	59
# short pipe pair with long one
2038	433	157	465	205	59
#long long pipe
2048	433	301	465	365	59

#=============MOVING WOOD=================
2039	237	338	285	354	59
#============BOOMERANG BROTHER============
# move right
2076	275	171	291	195	46
2077	251	171	267	195	46
# attack right
2078	228	171	244	195	46
2079	205	171	221	195	46
# idle right
#2078
# die right
2080	301	268	317	292	45

# move left
2081	33	171	49	195	45
2082	57	171	73	195	45
# attack left
2083	80	171	96	195	45
2084	103	171	119	195	45
# idle left
#2081
# die left
2085	301	234	317	258	45

#============BOOMERANG WEAPON=============
# right
2086	124	166	140	182	45
2087	144	166	160	182	45
2088	124	188	140	204	45
2089	144	188	160	204	45
# left
2090	185	166	201	182	46
2091	164	166	180	182	46
2092	185	188	201	204	46
2093	164	188	180	204	46


#=================ALPHABET================
#A
2100	133	32	141	40	51
#B	
2101	143	32	151	49	51
#C
2102	33	42	41	50	51
#D
2103	43	42	51	50	51
#E
2104	53	42	61	50	51
#F
2105	63	42	71	50	51
#G	
2106	73	42	81	50	51
#H
2107	83	42	91	50	51
#I
2108	93	42	101	50	51
#J
2109	103	42	111	50	51
#K	
2110	113	42	121	50	51
#L
2111	123	42	131	50	51
#M
2112	133	42	141	50	51
#N
2113	143	42	151	50	51
#O
2114	33	52	41	60	51
#P
2115	43	52	51	60	51
#Q
2116	53	52	61	60	51
#R
2117	63	52	71	60	51
#S	
2118	73	52	81	60	51
#T
2119	83	52	91	60	51
#U
2120	93	52	101	60	51
#V
2121	103	52	111	60	51
#W	
2122	113	52	121	60	51
#X
2123	123	52	131	60	51
#Y
2124	133	52	141	60	51
#Z
2125	143	52	151	60	51

#==========BOX ITEM AT STATUS BAR=========
2062	163	3	235	31	51
#======MUSHROOM ON BOX ITEM AT STATUS BAR=
2063	191	39	207	55	51
#===FIRE FLOWER ON BOX ITEM AT STATUS BAR=
2064	215	39	231	55	51
#===START ON BOX ITEM AT STATUS BAR=======
2065	239	39	255	55	51
#black Back Round 
2066	0	0	633	205	60
#BOX CARD
2067	163	3	187	31	51

#=========Shake Tree=====================
2068	1	26	17	42	58
2069	18	26	34	42	58
2070	35	26	51	42	58
2071	52	26	68	42	58

#============Hit Effect==================
2072	68	299	84	315	47
#===========Start Fly====================
2073	93	176	109	192	59
2074	110	176	123	192	59
2075	169	176	178	192	59

# ani_id	sprite1_id	time1	sprite2_id	time2	...
[ANIMATIONS]
# ==== MARIO =========
#=====MARIO BIG=====
#idle BIG right
100	10000	100
#walk right big
101	10000	65	10001	65	10002	65	10001	65
#running right BIG
102	10003	25	10004	25	10005	25	10004	25
#jump right big
103	10006	500
#sitting BIG right
104	10008	100
#STOP right
105	10007	200
#falling right big
106	10002	100
#kick right
107	10009	200
#hoding turtle walk right
108	10010	65	10011	65	10012	65	10011	65
#holding turtle idle right
109	10010	100
#holding turtle jump right
110	10012	500
#holding turtle running right
111	10010	25	10011	25	10012	25
#Jump when max speed
112	10013	100

#idle BIG left
120	10020	100
#walk left big
121	10020	65	10021	65	10022	65	10021	65
#running Big Left
122	10024	25	10025	25	10026	25	10025	25
#jump left big
123	10023	500
#sitting left BIG
124	10028	100
#STOP LEFT
125	10027	200
#falling left big
126	10022	100
#kick	left
127	10029	200
#holding turtle walk left
128	10030	65	10031	65	10032	65	10031	65
#hoding turtle idle left
129	10030	100
#holding turtle jump left
130	10032	500
#holding turtle running left
131	10030	25	10031	25	10032	25
#Jump when max speed
132	10033	100

#====MARIO SMALL===
#idle small right
140	10040	100
#walk right small
141	10040	65	10041	65
#running right small
142	10043	25	10044	25
#jump right 
143	10045	100
#stop right
144	10046	200
#kick right
145	10047	200
#holding turtle walk right
146	10048	65	10049	65
#holding turtle idle right
147	10048	100
#holding turtle jump right
148	10049	100
#holding turtle running right
149	10048	25	10049	25
#jump when max speed
150	10050	100

#idle small left
160	10060	100
#walk left small
161	10060	65	10061	65
#running left
162	10063	25	10064	25
#jump left
163	10065	100
#stop left
164	10066	200
#kick left
165	10067	200
#holding turtle walk left
166	10068	65	10069	65
#holding turtle idle left
167	10068	100
#holding turtle jump left
168	10069	100
#holding turtle running left
169	10068	25	10069	25
#Jump when max speed
170	10070	100

#die 
#199	10099	100

#====MARIO RACCON====
#idle right
200	10100	100
#walk right
201	10100	65	10101	65	10102	65	10101	65
#running right
202	10103	25	10104	25	10105	25
#jump right
203	10106	100
#stop right
204	10107	200
#fight idle right
205	10108	50	10109	50	10110	50	10111	50	10108	50
#sitting right
206	10112	100
#falling right 
207	10113	100
#Quay duoi right
208	10114	50	10102	50	10113	50
#flying right
209	10115	50	10117	50	10116	50	10117	50	10115	50
#flying
210	10115	100
#kick right
211	10118	200
#holding turtle walk right
212	10160	65	10161	65	10162	65	10161	65
#holding turtle idle right
213	10160	100
#holding turtle jump and fly	right
214	10162	100
#holding turtle running right
215	10160	25	10161	25	10162	25
#move up and down pipe
216	10109	200

#idle left
220	10120	100
#walk left
221	10120	65	10121	65	10122	65	10121	65
#running left
222	10123	25	10124	25	10125	25	10124	25
#jump left
223	10126	100
#stop left
224	10127	200
#fight idle left
225	10128	75	10129	75	10130	75	10131	75	10128	75
#sitting left
226	10132	100
#falling left
227	10133	100
#quay duoi left
228	10134	50	10122	50	10133	50
#keep flying left
229	10135	50	10137	50	10136	50	10137	50	10135	50
#flying
230	10135	100
#kick left
231	10138	100
#holding turtle walk left
232	10139	65	10140	65	10141	65	10140	65
#holding turtle idle left
233	10139	100
#holding turtle jump and fly
234	10141	100
#holding turtle running 
235	10139	25	10140	25	10141	25


#MARIO DIE
#die
599	10099	100

#====FIRE MARIO===
#idle right
300	10200	100
#walking right
301	10200	65	10201	65	10202	65	10201	65
#running right
302	10203	25	10204	25	10205	25	10204	25
#jump right
303	10206	100
#stop right
304	10207	200
#fight right
305	10208	100	10209	100	10200	100
#fight while jumping right
306	10210	100	10211	100	10212	100
#sitting right
307	10213	100
#falling right
308	10202	100
#kick right
309	10214	100
#holding turtle walk right
310	10215	65	10216	65	10217	65	10216	65
#holding turtle idle right
311	10215	100
#holding turtle jump right
312	10217	100
#holding turtle running right
313	10215	25	10216	25	10217	25
#Jump right when max speed 
314	10218	500

#idle left
320	10220	100
#walking left
321	10220	65	10221	65	10222	65	10221	65
#running left
322	10223	25	10224	25	10225	25	10224	25
#jump left
323	10226	100
#stop left
324	10227	300
#fight left
325	10228	100	10229	100	10220	100
#fight while jumping left
326	10230	100	10231	100	10232	100
#sitting left
327	10233	100
#falling left
328	10222	100
#kick left
329	10234	100
#holding turtle walk left
330	10235	65	10236	65	10237	65	10236	65
#holding turtle idle left
331	10235	100
#holding turtle jump left
332	10237	100
#holding turtle running left
333	10235	25	10236	25	10237	25
#Jump left when max speed
334	10238	1000
#Mario in Word map
#Small
335	10239	100	10240	100
	
# ==== QUESTION BRICK =========
602	40001	1000	40001	100	40002	100	40003	100	40004	100
#===========Piece Brick=====
603	40	30	77	30
#========Broken brick=====
604	41	50	42	50	43	50	44	50

#====NAM====
888	1	100
#====NAM XANH====
889	5	100
#===Start===
887	4	100
#===items end game
886	1	500	4	500	3	500

#====LEAF TREE===
700	30	100
708	29	100

#===FIRE FLOWER
701	3	100

#====Fire ball===
890	31	80	32	80	33	80	34	80
#effects fire ball
891	39	100
# ==== GOOMBA  =========
# walk
702	30001	100	30002	100
# die
703	30003	1000
#die fly
707	30004	100

#=====GOOMBA RED ======
#has wing walk
730	30005	100	30006	100
#has wing fly low
731	30007	100	30006	100	30008	100	30005	100
#has wing fly high
732	30007	75	30006	75	30008	75	30005	75
#no wing walk 
733	30009	100	30010	100
#no wing die
734	30011	100
#die fly
735	30012	100
	
#==========KOOPAS========
#=====Red Koopa==========
#walking left
710	30051	100	30050	100
#walking right
711	30052	100	30053	100
#die
712	30054	100
#die and move
713	30055	50	30056	50	30062	50	30054	50
#die up
714	30057	100
#revial up
715	30058	100	30065	100
#revial 
716	30059	100
#die and move up
717	30060	50	30061	50	30063	50	30058	50
#holding 
718	30054	100
#holding up
719	30057	100
#has wing walking left
709	30064	100	30065	100	30066	100

#======Green Koopa======
#walking left
751	30081	100	30080	100
#walking right
752	30082	100	30083	100
#die
753	30084	100
#die and move
754	30085	50	30086	50	30086	50	30084	50
#revial
755	30088	100	30078	100
#die up
756	30089	100
#die and move up
757	30090	50	30091	50	30092	50	30089	50
#revial up
758	30093	100	30079	100
#has wing walking left
759	30094	100	30095	100	30096	100
#has wing wlaking right
760	30097	100	30098	100	30099	100

#======Giant_piranha_red
#Giant_Piranha_shoot_fireball_45_left
704	36	100
#Giant_Piranha_shot_fireball_45_more_left
705	38	100
#Giant_Piranha_move_up_down_left
706	35	100	36	100
#Giant_Piranha_shoot_fireball_45_right
720	46	100
#Giant_Piranha_shot_fireball_45_more_right
721	48	100
#Giant_Piranha_move_up_down_right
722	45	100	46	100

#====GIANT_piranha_green
#Giant_Piranha_shoot_fireball_45_left
723	54	100
#Giant_Piranha_shot_fireball_45_more_left
724	56	100
#Giant_Piranha_move_up_down_left
725	53	100	54	100
#Giant_Piranha_shoot_fireball_45_right
726	50	100
#Giant_Piranha_shot_fireball_45_more_right
727	52	100
#Giant_Piranha_move_up_down_right
728	49	100	50	100

#===GIANT_Piranha_bite
729	57	100	58	100

#===Coin====
#Coin move slow
750	59	100	60	100	61	100	62	100	59	100
#Coin move fast
761	71	300	72	300	73	300
#Coin idle
762	59	100


#====Monney Effect=====
#100
765	63	100
#200
766	64	100
#400
767	65	100
#800
768	66	100
#1000
769	67	100
#2000
770	68	100
#4000
771	69	100
#8000
772	70	100

#=====Switch_P====
763	74	100	75	100
764	76	100

#=====P_meter====
773	2027	150	2026	150
#=====Turn Off light======
774	2030	50	2031	50	2032	50	2033	50

#========Pipe===========
#short pipe
775	2034	100
#medium pipe
776	2035	100
#long pipe
777	2036	100
#hidden pipe
778	2037	100
#short pipe pair with long one
779	2038	100
#long long pipe
786	2048	100

#========MOVING WOOD======
780	2039	100
# ======= BOOMERANG BROTHER =======
# idle right
789	2076	100
# move right
790	2076	100	2077	100
# attack right
791	2078	100	2079	100
# die right
792	2080	100

# idle left
793	2081	100
# move left
794	2081	100	2082	100
# attack left
795	2083	100	2084	100
# die left
796	2085	100

# =========== BOOMERANG WEAPON ==========
# move right
797	2086	65	2087	65	2088	65	2089	65
# move left
798	2090	65	2091	65	2092	65	2093	65
# idle right
799	2083	100
# idle left
800	2087	100
#========1 UP!============
784	80	100
#Shake tree
785	2068	100	2069	100	2070	100	2071	100
#Hit effect
787	2072	25
#Start Fly 
788	2073	70	2074	70	2075	70	2074	70

#QUESTION BRICK AFTER
3	2	100

#
# id	ani1	ani2	ani3
#
[ANIMATION_SETS]
# MARIO	0	1	2	3	4	5	6	7	8	9	10	11	12	13	14	15	16	17	18	19	20	21	22	23	24	25	26	27	28	29	30	31	32	33	34	35	36	37	38	39	40	41	42	43	44	45	46	47	48	49	50	51	52	53	54	55	56	57	58	59	60	61	62	63	64	65	66	67	68	69	70	71	72	73	74	75	76	77	78	79	80	81	82	83	84	85	86	87	88	89	90	91	92	93	94	95	96	97	98	99	100	101	102	103	104	105	106	107	108	109	110	111	112
1	100	101	102	103	104	105	106	107	108	109	110	111	120	121	122	123	124	125	126	127	128	129	130	131	140	141	142	143	144	145	146	147	148	149	160	161	162	163	164	165	166	167	168	169	200	201	202	203	204	205	206	207	208	209	210	211	212	213	214	215	220	221	222	223	224	225	226	227	228	229	230	231	232	233	234	235	300	301	302	303	304	305	306	307	308	309	310	311	312	313	320	321	322	323	324	325	326	327	328	329	330	331	332	333	599	216	112	132	150	170	314	334	335
#Shake tree
2	785
# QUESTION BRICK 
22	602	3	604
# GOOMBA
3	702	703	707	730	731	732	733	734	735
#KOOPAS
4	710	711	712	713	714	715	716	717	718	719	751	752	753	754	755	756	757	758	753	756	759	760	709
#Items
8	888	700	701	700	708	763	764	788	886	889
#Giant_Piranha_Shot_fireball
10	704	705	706	706	720	721	722	722	723	724	725	725	726	727	728	728	
#FIRE BALL
9	890	891
#Piece Brick
11	603
#broken brick
12	604	604	750	762
#Coin
13	750	761	762
#Giant_Piranha_Bite
14	729	729
#Monney effect
15	765	766	767	768	769	770	771	772	784	787
#Switch_P
#16	763	764
#Pipe
17	775	776	777	778	779	786
#MOVING WOOD
18	780
#BOOMERANG BROTHER
19	789	790	791	792	793	794	795	796	790	794	
#BOOMERANG WEAPON
20	797	798	799	800



[OBJECTS]
# type	x	y	ani_set_id	extra_settings per object type
# type: 0 = Mario , 1 = Brick, 2 = Goomba, 3 = Koopas, 4=Floor,5=Color Box,6=Piranha_flower_shot,7=BrokenBrick,10=Coin,11=Piranha_bite,13=Pipe,14=MOVING WOOD,15=BOOMERANG BROTHER
# MARIO
0	0	310	1
#0	1562	358	1
#0	1936	300	1
#GOOMBA
#2	800	375	3	1
#2	975	375	3	1
#2	1050	300	3	2
#2	338	390	3	1
#BOOMERANG BROTHER
15	2096	390	19

#KOOPAS
#3	17	370	4	2
#3	1471	388	4	2	0
#3	1329	288	4	2	1
#3	1375	288	4	2	1
#3	1425	288	4	2	1
3	1866	295	4	1	1
3	1069	317	4	1	0
3	2002	334	4	1	0
#3	586	356	4	1	0
#3	2097	356	4	1	0
#3	1978	356	4	1	0
# BRICK 
1	640	288	22	4
1	1232	288	22	4
#Floor
4	0	352	22	10	1
4	1920	400	22	8	1
4	2032	240	22	1	11
4	2032	416	22	37	1
#Color box
5	1969	369	22	3	2
#BrokenBrick
7	224	352	12	1
7	240	352	12	1
7	256	352	12	1
7	272	352	12	1
7	384	336	12	1
7	400	336	12	1
7	416	336	12	1
7	432	336	12	1
7	448	336	12	1
7	464	336	12	1
7	608	288	12	1
7	624	288	12	1
#7	640	288	12	1
7	656	288	12	1
#7	672	288	12	1
7	640	368	12	1
7	656	368	12	1
7	752	320	12	1

7	752	336	12	1
7	752	352	12	1
7	752	368	12	1
7	768	368	12	1
7	784	368	12	1
7	800	368	12	1
7	864	336	12	1
7	864	352	12	1
7	864	368	12	1
7	864	384	12	1
7	880	384	12	1
7	896	384	12	1
7	944	336	12	1
7	944	352	12	1
1	960	352	22	6
7	960	400	12	1
7	976	400	12	1
7	992	400	12	1
7	1008	400	12	1
#UI RA NHIEU TIEN
1	1008	352	22	5
#UI RA NHIEU TIEN
7	1024	352	12	1
7	1040	352	12	1
7	1056	352	12	1
7	1072	352	12	1
7	1152	384	12	1
7	1168	384	12	1
7	1184	384	12	1
7	1200	384	12	1
7	1216	384	12	1

7	1184	304	12	1
7	1200	304	12	1
7	1216	304	12	1
7	1232	304	12	1
#GACH RA NAM XANH
#7	1232	288	12	1
#GACH RA NAM XANH
7	1264	368	12	1
7	1280	368	12	1

7	1392	304	12	1
7	1408	304	12	1
7	1424	304	12	1
#UI RA NHIEU TIEN
1	1536	288	22	5
#UI RA NHIEU TIEN
7	1536	304	12	1
7	1536	368	12	1
7	1536	384	12	1
7	1536	400	12	1
7	1552	400	12	1
7	1568	400	12	1
7	1584	400	12	1

7	1728	288	12	1
7	1728	304	12	1
7	1728	320	12	1
7	1776	368	12	1
7	1792	368	12	1
7	1808	368	12	1


#========Pipe==========
#13	352	368	17	2	3	1
#13 	1793	384	17	2	2	0
#13	1856	368	17	2	3	1
#13	2256	368	17	2	3	4
13	1936	336	17	2	4	5
#13	2320	384	17	2	2	0
13	2192	384	17	2	2	0
#13	2096	464	17	2	2	3
#Coin
10	336	304	13
10	352	304	13
10	368	304	13
10	416	272	13
10	432	272	13
10	448	272	13
10	768	304	13
10	784	304	13
10	800	304	13
10	848	272	13
10	864	272	13
10	880	272	13
10	1328	288	13
10	1344	288	13
10	1360	288	13
10	1504	272	13
10	1504	288	13
10	1504	304	13
10	1504	320	13
10	1504	336	13
10	1504	352	13
10	1504	368	13
10	1504	384	13

10	1888	304	13
10	1904	304	13
10	1920	304	13

#MOVING WOOD
#14	224	352	18	3	1
14	368	320	18	3	1
14	592	304	18	3	1
14	560	352	18	3	1
14	624	400	18	3	1
14	760	336	18	3	1
14	1100	384	18	3	1
14	1200	320	18	3	1
14	1408	336	18	3	1
14	1376	352	18	3	1
14	1552	304	18	3	1
14	1776	336	18	3	1
14	1744	384	18	3	1
14	1792	416	18	3	1
# --- SCENE PORTAL ----
# type	l	t	ani_set_id	r	b	scene_id
#50	100	400	0	148	150	3
#type	 id	x	y	is	l	t	r	b	state
50	0	2600	400	1	0	0	0	0	0
[TILEMAP]
10	textures\map1_4.png	textures\map1_4.txt	5	11	30	201	16	16


